1000            1.3950000266049756e-07      6.300099994405172e-07       
2000            1.0697000107029452e-07      7.861350013627088e-07       
3000            5.400000191002618e-08       9.951549964171136e-07       
4000            7.819000074960059e-08       1.4320699983727536e-06      
5000            5.56050008526654e-08        1.8144449995816103e-06      
6000            5.408000106399413e-08       3.5640550004245597e-06      
7000            1.0971999927278375e-07      4.029969995826832e-06       
8000            6.429000222851755e-08       2.6079850022142636e-06      
9000            5.494500328495633e-08       2.9037000012976933e-06      
10000           6.059000043023844e-08       3.201724998689315e-06       
11000           5.337999937182758e-08       3.499304998513253e-06       
12000           5.325999609340215e-08       3.7952150023556896e-06      
13000           5.3275002755981405e-08      4.09254999794939e-06        
14000           5.485499968926888e-08       4.278014998817526e-06       
15000           5.2069999583181925e-08      4.569530001390376e-06       
16000           5.8784999055205845e-08      4.855124998357496e-06       
17000           5.2274999688961544e-08      5.617464998977084e-06       
18000           5.38950007467065e-08        5.435715002022334e-06       
19000           5.222500021773158e-08       5.767714997091389e-06       
20000           1.294149979003123e-07       6.017055002303096e-06       
21000           5.2615000640798826e-08      6.3061599985303475e-06      
22000           5.247499757388141e-08       6.81466000060027e-06        
23000           5.251000402495265e-08       6.88543500018568e-06        
24000           5.281000085233245e-08       7.317310000871657e-06       
25000           5.37450023330166e-08        7.50972999867372e-06        
26000           5.325000074662967e-08       7.946085002004111e-06       
27000           5.30399984199903e-08        8.120399998006179e-06       
28000           5.332500222721137e-08       8.737449998079682e-06       
29000           5.3095000112080015e-08      9.25161999930424e-06        
30000           5.3310000112105623e-08      9.633069998926657e-06       
31000           5.770999905507779e-08       9.89128000128403e-06        
32000           5.328499810275389e-08       1.0060340000563884e-05      
33000           5.352999778551748e-08       1.0912634998021531e-05      
34000           5.279999641061295e-08       1.107037000110722e-05       
35000           5.307500032358803e-08       1.2135609999859298e-05      
36000           5.738500021834625e-08       1.2151235000601446e-05      
37000           5.918499937251909e-08       1.2497749999056396e-05      
38000           5.398499979492044e-08       1.3147849999768369e-05      
39000           5.515999873750843e-08       1.334772000063822e-05       
40000           5.3764997574035076e-08      1.3745999999628112e-05      
41000           5.332000000635162e-08       1.4245550000850925e-05      
42000           5.3030003073217816e-08      1.4416419999179197e-05      
43000           5.3154999477555976e-08      1.844736500061117e-05       
44000           6.00949988438515e-08        1.6076400002020818e-05      
45000           5.516000328498194e-08       1.602966499831382e-05       
46000           5.976500233373372e-08       1.654942499953904e-05       
47000           5.454000074678333e-08       1.6820924997773545e-05      
48000           5.337999937182758e-08       1.7115045002356054e-05      
49000           5.657499968947377e-08       1.7355420000058074e-05      
50000           5.484499979502288e-08       1.7727259996718204e-05      
51000           1.1884999821631937e-07      1.878356500128575e-05       
52000           6.324499736365397e-08       1.840890000039508e-05       
53000           5.3915000535198486e-08      1.9001989999196665e-05      
54000           5.692999820894329e-08       1.9060680001530274e-05      
55000           5.471500116982497e-08       1.942387999861239e-05       
56000           5.416000021796208e-08       1.977220999833662e-05       
57000           5.481999778567115e-08       2.1930494999651272e-05      
58000           6.49900039206841e-08        2.044278500306973e-05       
59000           5.577000138146104e-08       2.2978874999353137e-05      
60000           6.100500286265743e-08       2.1378694996201374e-05      
61000           5.715000042982865e-08       2.1576374997493986e-05      
62000           5.721500201616436e-08       2.1923140002400034e-05      
63000           5.6855001275835094e-08      2.36666150021847e-05        
64000           6.360499810398323e-08       2.2634774995822227e-05      
65000           5.7554998420528136e-08      2.360133999900427e-05       
66000           6.468500032497105e-08       2.369641500081343e-05       
67000           6.593999842152698e-08       2.3646539998480874e-05      
68000           5.6994999795279e-08         2.6258159996359608e-05      
69000           6.64549997964059e-08        2.4368309996134486e-05      
70000           6.045499958418077e-08       2.4872379999578697e-05      
71000           6.219000169949141e-08       2.4942804998318024e-05      
72000           6.05649984208867e-08        2.518564499951026e-05       
73000           6.497500180557836e-08       2.7139479998368186e-05      
74000           6.865999694127822e-08       2.5947635003831236e-05      
75000           6.209999810380395e-08       2.6427855000292767e-05      
76000           6.309000127657782e-08       2.664295500380831e-05       
77000           6.094000127632171e-08       2.6957195000250068e-05      
78000           6.059000043023844e-08       2.8766680002263457e-05      
79000           6.967500212340383e-08       2.768937999917398e-05       
80000           6.445499820983969e-08       2.8288700000302925e-05      
81000           6.282499725784874e-08       2.8289355000197248e-05      
82000           6.232500254554907e-08       3.0219274999581104e-05      
83000           6.784999641240574e-08       2.9039470000498113e-05      
84000           6.243499683478149e-08       2.9548555003202636e-05      
85000           6.697499884467106e-08       2.9744224998466963e-05      
86000           6.249000307434471e-08       3.0109079998510423e-05      
87000           7.964000360516366e-08       3.0409559999498016e-05      
88000           7.384499895124463e-08       3.099798000221199e-05       
89000           6.954000127734616e-08       3.1113674999687646e-05      
90000           6.606000169995241e-08       3.230846999940695e-05       
91000           7.49850005377084e-08        3.179800500220154e-05       
92000           6.810500053688884e-08       3.2333950002794154e-05      
93000           7.111999821063364e-08       3.269492000072205e-05       
94000           7.635499969183002e-08       3.4444430002622536e-05      
95000           7.61499995860504e-08        3.335551999953168e-05       
96000           7.445500159519724e-08       3.3434404999752585e-05      
97000           7.151999852794689e-08       3.384739499779243e-05       
98000           7.411500064335996e-08       3.587627500110102e-05       
99000           8.034499842324294e-08       3.485552000256575e-05       
100000          7.541000286437338e-08       3.48582750029891e-05        
101000          7.006500254647108e-08       3.67793650002568e-05        
102000          1.4172000192047563e-07      3.5726740002246515e-05      
103000          8.380499821214472e-08       3.590789000099903e-05       
104000          7.251000170072075e-08       3.6592199999176953e-05      
105000          8.94699996933923e-08        3.657038500023191e-05       
106000          8.324999726028181e-08       3.694639500281482e-05       
107000          7.558000106655527e-08       3.730474500116543e-05       
108000          7.566499789390946e-08       3.853161999813892e-05       
109000          8.312500085594365e-08       3.8203190001695475e-05      
110000          8.225500096159522e-08       3.830744999959279e-05       
111000          8.05549962024088e-08        4.017272000055527e-05       
112000          8.261500170192448e-08       3.9229799999702666e-05      
113000          7.804999768268317e-08       3.9352915000563373e-05      
114000          8.73099997988902e-08        4.0202824998232245e-05      
115000          9.860999853117391e-08       4.048545999921771e-05       
116000          7.981499948073179e-08       4.044089000217355e-05       
117000          9.192499874188797e-08       4.068277999976999e-05       
118000          8.595000053901458e-08       4.113066000172694e-05       
119000          8.304999937536195e-08       4.326526499880856e-05       
120000          8.860499747243012e-08       4.1977294999924196e-05      
121000          9.068000053957803e-08       4.214545999730035e-05       
122000          8.175500170182204e-08       4.5075425000504764e-05      
123000          8.739000350033166e-08       4.29790900034277e-05        
124000          9.25899985304568e-08        4.3298124996908885e-05      
125000          8.407499990426004e-08       4.4133305000286785e-05      
126000          9.206000413541915e-08       4.4813559998146954e-05      
127000          8.593999609729507e-08       4.643736499929219e-05       
128000          9.428500106878346e-08       4.513925499850302e-05       
129000          8.643999990454177e-08       4.48430449978332e-05        
130000          8.658000297145918e-08       4.5664960002795854e-05      
131000          9.147499895334476e-08       4.57669449997411e-05        
132000          9.781000244402094e-08       5.106725499899767e-05       
133000          9.636999948270386e-08       4.884088500148209e-05       
134000          8.76300009622355e-08        5.048496999734198e-05       
135000          9.71000008576084e-08        4.9337795003339126e-05      
136000          9.786500413611066e-08       4.889327500222862e-05       
137000          9.759000022313557e-08       4.949157999817544e-05       
138000          9.349999800178921e-08       4.948655499902088e-05       
139000          8.671499927004333e-08       5.0018394999824524e-05      
140000          9.152500297204824e-08       4.996606500299095e-05       
141000          8.161499863490462e-08       5.2068740001232075e-05      
142000          9.757499810802983e-08       5.0853429997914644e-05      
143000          9.447499905945733e-08       5.2598759998545576e-05      
144000          9.276500350097194e-08       5.374805500196089e-05       
145000          9.94300035017659e-08        5.4377145002035835e-05      
146000          9.753000085765961e-08       5.295737500091491e-05       
147000          9.629000032873592e-08       5.8081570000467766e-05      
148000          9.53800008574035e-08        6.029946000126074e-05       
149000          9.721500191517407e-08       5.328232499778096e-05       
150000          9.263500032830052e-08       5.2404394996301565e-05      
151000          9.160500212601619e-08       5.290328000228328e-05       
152000          1.0172499969485216e-07      5.455340500247985e-05       
153000          8.865500149113359e-08       5.400366000230861e-05       
154000          8.885000170266721e-08       5.3980380002940364e-05      
155000          8.839499969326426e-08       5.5997089998527375e-05      
156000          8.670499937579734e-08       5.4473320001307e-05         
157000          9.493499874224653e-08       5.65271000004941e-05        
158000          9.080000381800346e-08       5.717478999940795e-05       
159000          9.081999905902194e-08       5.7307775000481344e-05      
160000          9.567500001139705e-08       5.74216199993316e-05        
161000          8.311500096169766e-08       5.7842705000439307e-05      
162000          9.881499863695354e-08       6.472112000210472e-05       
163000          9.420499736734201e-08       6.223590999979933e-05       
164000          2.2486499801743775e-07      6.096299000091676e-05       
165000          9.782500001165318e-08       6.140627999684511e-05       
166000          1.0777000170492101e-07      6.107139000050666e-05       
167000          9.50799994825502e-08        6.096667999827332e-05       
168000          1.102599981095409e-07       6.0742139999092616e-05      
169000          9.822000265558018e-08       6.224498999927164e-05       
170000          9.729999874252826e-08       6.197588999839353e-05       
171000          1.0924999969574856e-07      6.16686800003663e-05        
172000          1.1496500064822612e-07      6.290610499945615e-05       
173000          9.770500128070126e-08       6.226367499948538e-05       
174000          1.0404499789729016e-07      6.356259000313002e-05       
175000          9.557500106893712e-08       6.360830499943404e-05       
176000          1.1352999990776879e-07      6.312282000180857e-05       
177000          1.0386999747424852e-07      6.470628999977635e-05       
178000          1.0251000276184641e-07      6.402029499895434e-05       
179000          1.0353499874327099e-07      6.52050100006818e-05        
180000          9.622000106901396e-08       6.435872500333061e-05       
181000          1.838749994931277e-07       7.183997000083764e-05       
182000          1.9531999896571505e-07      7.367837999936456e-05       
183000          1.0392499916633823e-07      6.54517799966925e-05        
184000          1.8963000002258924e-07      6.858591000309388e-05       
185000          9.470500117458869e-08       6.681201999981567e-05       
186000          9.167500138573814e-08       6.654792500285111e-05       
187000          1.0111500159837305e-07      6.62849450009162e-05        
188000          9.341500117443502e-08       6.66366650011696e-05        
189000          8.782499662629561e-08       6.628458500017587e-05       
190000          9.08250012798817e-08        6.653982499756239e-05       
191000          8.460499884677119e-08       6.669035500181053e-05       
192000          8.616500053904019e-08       6.671119499969791e-05       
193000          9.475500064581866e-08       6.827469999734603e-05       
194000          9.181499990518205e-08       6.814144000145461e-05       
195000          8.090999926935183e-08       6.832568499703484e-05       
196000          8.934999641496688e-08       6.825388500146801e-05       
197000          8.536999757779994e-08       6.942172000435675e-05       
198000          8.85600002220599e-08        7.031587500023307e-05       
199000          9.145499916485279e-08       7.08095449999746e-05        
200000          9.222999779012753e-08       7.057859000269672e-05       
